		success			fail		OVERALL
	C 	PRE	REC	F1 	PRE	REC	F1 	ACC	F1
	0.001 	51.8	100.0	68.2 	50.0	0.0	0.0 	51.8	34.1
	0.010 	59.9	76.0	67.0 	63.7	45.4	53.0 	61.2	60.0
	0.250 	68.5	67.6	68.0 	65.6	66.5	66.1 	67.1	67.0 	 best F1 	 best Acc
	0.500 	68.6	66.3	67.4 	65.0	67.4	66.2 	66.8	66.8
	1.000 	67.7	66.4	67.1 	64.6	66.0	65.3 	66.2	66.2
	2.000 	67.7	65.9	66.8 	64.4	66.3	65.3 	66.1	66.1
	5.000 	66.6	64.7	65.7 	63.2	65.2	64.2 	65.0	64.9
Confusion Matrix:
	suc 	fail
suc 	35.0 	16.8
fail 	16.1 	32.1
Selected params: 0.25000

